# Remote migration history captured at cutoff 20260813091000.
045
047
20260415000000
20260712120000
20260712130000
20260712133000
20260718140000
20260721160000
20260722170000
20260723120000
20260723130000
20260725130000
20260725143000
20260725150000
20260725160000
20260725170000
20260727120000
20260727150000
20260727151000
20260727152000
20260727160000
20260727170000
20260727220000
20260803164855
20260803170000
20260804143959
20260805143653
20260807134325
20260812150000
20260812165936
20260812191700
20260812193009
20260812195032
20260812200550
20260812202400
20260812204706
20260812205010
20260812210856
20260812211428
20260812214518
20260812230000
20260812233000
20260812234500
20260813000000
20260813010000
20260813020000
20260813030000
20260813031000
20260813032000
20260813033000
20260813034000
20260813041000
20260813043000
20260813050000
20260813060000
20260813070000
20260813080000
20260813090000
20260813091000
